#Valores de calibración de los canales
#Mon Mar 29 17:46:06 COT 2021
spanfi=24.67425865792642
offsetvd=21
spanpdTD=2
spanfd=25.259828018671687
URL=192.168.0.103
spanpi=1
spanvi=3
offsetfi=-267.1158276729657
spanpdDI=2
spanpd=1
spanvd=4
offsetd=0
offsetfd=-1445.6037356006782
cero_fuerzas=-8
spand=0.125
spanpdDD=1.3
offsetpi=-211.34736842105266
offsetvi=0
spanpdTI=2
offsetpd=-26.340425531914892
