#Valores de calibración de los canales
#Fri Sep 02 17:11:26 COT 2022
spanfi=5.67425865792642
offsetvd=21
spanpdTD=2
spanfd=5.259828018671687
URL=192.168.0.103
spanpi=1
spanvi=3
offsetfi=-1555.4180211453572
spanpdDI=2
spanpd=1
spanvd=4
offsetd=0
offsetfd=-1368.5167587935357
cero_fuerzas=-8
spand=0.125
spanpdDD=1.3
offsetpi=-166.3586956521739
offsetvi=0
spanpdTI=2
offsetpd=-1027.793103448276
